results for experiments/output/llava-next/coco_pope_random_answers_with_smaller15_box_blur_cd_seed55.jsonl
Precision: 0.9637352674524026
Recall: 0.7086666666666667
F1: 0.8167499039569727
Accuracy: 0.841
yes: 0.36766666666666664
unknown: 0.0
