results for ./output/llava-next/coco_pope_random_answers_with_segment_cd_seed55.jsonl
Precision: 0.9576036866359448
Recall: 0.6926666666666667
F1: 0.8038684719535784
Accuracy: 0.831
yes: 0.3616666666666667
unknown: 0.0
