results for ../output/pope/popular/coco_pope_popular_answers_with_segment_cd_seed55.jsonl
Precision: 0.915929203539823
Recall: 0.69
F1: 0.7870722433460076
Accuracy: 0.8133333333333334
yes: 0.37666666666666665
unknown: 0.0
