results for ../output/pope/adversarial/coco_pope_adversarial_answers_with_boxblur15_seed55.jsonl
Precision: 0.8846153846153846
Recall: 0.7206666666666667
F1: 0.7942689199118296
Accuracy: 0.8133333333333334
yes: 0.4073333333333333
unknown: 0.0
